{
 "cells": [
  {
   "cell_type": "code",
   "execution_count": 1,
   "id": "50c1d91a",
   "metadata": {},
   "outputs": [],
   "source": [
    "import pandas as pd\n",
    "import numpy as np\n",
    "import matplotlib.pyplot as plt\n",
    "import matplotlib.patches as mpatches\n",
    "import os\n",
    "import torch\n",
    "import torch.nn as nn\n",
    "\n",
    "seed = 432\n",
    "torch.manual_seed(seed)\n",
    "torch.cuda.manual_seed_all(seed)\n",
    "np.random.seed(seed)\n",
    "torch.backends.cudnn.deterministic = True\n",
    "torch.backends.cudnn.benchmark = False"
   ]
  },
  {
   "cell_type": "code",
   "execution_count": 4,
   "id": "a160ec5d",
   "metadata": {},
   "outputs": [],
   "source": [
    "raw_data = pd.read_csv(\"data.csv\")\n",
    "train_data = raw_data.drop([\"y\", \"category\", \"timestamp\"], axis = 1)"
   ]
  },
  {
   "cell_type": "code",
   "execution_count": 6,
   "id": "20d02955",
   "metadata": {},
   "outputs": [
    {
     "data": {
      "text/html": [
       "<div>\n",
       "<style scoped>\n",
       "    .dataframe tbody tr th:only-of-type {\n",
       "        vertical-align: middle;\n",
       "    }\n",
       "\n",
       "    .dataframe tbody tr th {\n",
       "        vertical-align: top;\n",
       "    }\n",
       "\n",
       "    .dataframe thead th {\n",
       "        text-align: right;\n",
       "    }\n",
       "</style>\n",
       "<table border=\"1\" class=\"dataframe\">\n",
       "  <thead>\n",
       "    <tr style=\"text-align: right;\">\n",
       "      <th></th>\n",
       "      <th>0</th>\n",
       "      <th>1</th>\n",
       "    </tr>\n",
       "  </thead>\n",
       "  <tbody>\n",
       "    <tr>\n",
       "      <th>aimp</th>\n",
       "      <td>0.009964</td>\n",
       "      <td>0.009879</td>\n",
       "    </tr>\n",
       "    <tr>\n",
       "      <th>amud</th>\n",
       "      <td>104.727318</td>\n",
       "      <td>279.126023</td>\n",
       "    </tr>\n",
       "    <tr>\n",
       "      <th>arnd</th>\n",
       "      <td>94.746317</td>\n",
       "      <td>101.068955</td>\n",
       "    </tr>\n",
       "    <tr>\n",
       "      <th>asin1</th>\n",
       "      <td>0.498804</td>\n",
       "      <td>0.515388</td>\n",
       "    </tr>\n",
       "    <tr>\n",
       "      <th>asin2</th>\n",
       "      <td>0.500024</td>\n",
       "      <td>0.498443</td>\n",
       "    </tr>\n",
       "    <tr>\n",
       "      <th>adbr</th>\n",
       "      <td>0.249998</td>\n",
       "      <td>0.249935</td>\n",
       "    </tr>\n",
       "    <tr>\n",
       "      <th>adfl</th>\n",
       "      <td>0.238980</td>\n",
       "      <td>0.238898</td>\n",
       "    </tr>\n",
       "    <tr>\n",
       "      <th>bed1</th>\n",
       "      <td>0.526804</td>\n",
       "      <td>0.515866</td>\n",
       "    </tr>\n",
       "    <tr>\n",
       "      <th>bed2</th>\n",
       "      <td>0.105097</td>\n",
       "      <td>0.102952</td>\n",
       "    </tr>\n",
       "    <tr>\n",
       "      <th>bfo1</th>\n",
       "      <td>113.988798</td>\n",
       "      <td>121.101635</td>\n",
       "    </tr>\n",
       "    <tr>\n",
       "      <th>bfo2</th>\n",
       "      <td>221.951239</td>\n",
       "      <td>285.062656</td>\n",
       "    </tr>\n",
       "    <tr>\n",
       "      <th>bso1</th>\n",
       "      <td>106.600790</td>\n",
       "      <td>285.726343</td>\n",
       "    </tr>\n",
       "    <tr>\n",
       "      <th>bso2</th>\n",
       "      <td>0.483037</td>\n",
       "      <td>0.515382</td>\n",
       "    </tr>\n",
       "    <tr>\n",
       "      <th>bso3</th>\n",
       "      <td>0.012620</td>\n",
       "      <td>0.011878</td>\n",
       "    </tr>\n",
       "    <tr>\n",
       "      <th>ced1</th>\n",
       "      <td>25736.493030</td>\n",
       "      <td>22249.378382</td>\n",
       "    </tr>\n",
       "    <tr>\n",
       "      <th>cfo1</th>\n",
       "      <td>195.906252</td>\n",
       "      <td>384.961834</td>\n",
       "    </tr>\n",
       "    <tr>\n",
       "      <th>cso1</th>\n",
       "      <td>289.632562</td>\n",
       "      <td>448.412297</td>\n",
       "    </tr>\n",
       "  </tbody>\n",
       "</table>\n",
       "</div>"
      ],
      "text/plain": [
       "                  0             1\n",
       "aimp       0.009964      0.009879\n",
       "amud     104.727318    279.126023\n",
       "arnd      94.746317    101.068955\n",
       "asin1      0.498804      0.515388\n",
       "asin2      0.500024      0.498443\n",
       "adbr       0.249998      0.249935\n",
       "adfl       0.238980      0.238898\n",
       "bed1       0.526804      0.515866\n",
       "bed2       0.105097      0.102952\n",
       "bfo1     113.988798    121.101635\n",
       "bfo2     221.951239    285.062656\n",
       "bso1     106.600790    285.726343\n",
       "bso2       0.483037      0.515382\n",
       "bso3       0.012620      0.011878\n",
       "ced1   25736.493030  22249.378382\n",
       "cfo1     195.906252    384.961834\n",
       "cso1     289.632562    448.412297"
      ]
     },
     "execution_count": 6,
     "metadata": {},
     "output_type": "execute_result"
    }
   ],
   "source": [
    "train = train_data[1000000:3500000]\n",
    "test = train_data[3500000:5000000]\n",
    "pd.concat((train.mean(axis = 0), test.mean(axis = 0)), axis = 1)\n",
    "pd.concat((train.var(axis = 0), test.var(axis = 0)), axis = 1)"
   ]
  },
  {
   "cell_type": "code",
   "execution_count": 7,
   "id": "f7bd394f",
   "metadata": {},
   "outputs": [
    {
     "data": {
      "text/html": [
       "<div>\n",
       "<style scoped>\n",
       "    .dataframe tbody tr th:only-of-type {\n",
       "        vertical-align: middle;\n",
       "    }\n",
       "\n",
       "    .dataframe tbody tr th {\n",
       "        vertical-align: top;\n",
       "    }\n",
       "\n",
       "    .dataframe thead th {\n",
       "        text-align: right;\n",
       "    }\n",
       "</style>\n",
       "<table border=\"1\" class=\"dataframe\">\n",
       "  <thead>\n",
       "    <tr style=\"text-align: right;\">\n",
       "      <th></th>\n",
       "      <th>aimp</th>\n",
       "      <th>amud</th>\n",
       "      <th>arnd</th>\n",
       "      <th>asin1</th>\n",
       "      <th>asin2</th>\n",
       "      <th>adbr</th>\n",
       "      <th>adfl</th>\n",
       "      <th>bed1</th>\n",
       "      <th>bed2</th>\n",
       "      <th>bfo1</th>\n",
       "      <th>bfo2</th>\n",
       "      <th>bso1</th>\n",
       "      <th>bso2</th>\n",
       "      <th>bso3</th>\n",
       "      <th>ced1</th>\n",
       "      <th>cfo1</th>\n",
       "      <th>cso1</th>\n",
       "    </tr>\n",
       "  </thead>\n",
       "  <tbody>\n",
       "    <tr>\n",
       "      <th>aimp</th>\n",
       "      <td>1.000000</td>\n",
       "      <td>0.000146</td>\n",
       "      <td>-0.000760</td>\n",
       "      <td>0.000652</td>\n",
       "      <td>-0.000418</td>\n",
       "      <td>0.000215</td>\n",
       "      <td>0.002166</td>\n",
       "      <td>0.141066</td>\n",
       "      <td>0.312252</td>\n",
       "      <td>-0.000497</td>\n",
       "      <td>-0.000733</td>\n",
       "      <td>0.000102</td>\n",
       "      <td>0.000474</td>\n",
       "      <td>-0.002092</td>\n",
       "      <td>0.000461</td>\n",
       "      <td>0.000270</td>\n",
       "      <td>-0.000580</td>\n",
       "    </tr>\n",
       "    <tr>\n",
       "      <th>amud</th>\n",
       "      <td>0.000146</td>\n",
       "      <td>1.000000</td>\n",
       "      <td>0.030304</td>\n",
       "      <td>0.062146</td>\n",
       "      <td>0.032335</td>\n",
       "      <td>-0.007949</td>\n",
       "      <td>-0.000747</td>\n",
       "      <td>0.001236</td>\n",
       "      <td>0.000889</td>\n",
       "      <td>0.005415</td>\n",
       "      <td>0.021406</td>\n",
       "      <td>0.996343</td>\n",
       "      <td>-0.000618</td>\n",
       "      <td>-0.038804</td>\n",
       "      <td>-0.004731</td>\n",
       "      <td>0.679499</td>\n",
       "      <td>0.641193</td>\n",
       "    </tr>\n",
       "    <tr>\n",
       "      <th>arnd</th>\n",
       "      <td>-0.000760</td>\n",
       "      <td>0.030304</td>\n",
       "      <td>1.000000</td>\n",
       "      <td>0.143553</td>\n",
       "      <td>0.037286</td>\n",
       "      <td>0.032687</td>\n",
       "      <td>0.002609</td>\n",
       "      <td>-0.010332</td>\n",
       "      <td>-0.004637</td>\n",
       "      <td>0.504964</td>\n",
       "      <td>0.138880</td>\n",
       "      <td>0.032746</td>\n",
       "      <td>0.001882</td>\n",
       "      <td>0.090717</td>\n",
       "      <td>-0.018560</td>\n",
       "      <td>-0.367803</td>\n",
       "      <td>0.124705</td>\n",
       "    </tr>\n",
       "    <tr>\n",
       "      <th>asin1</th>\n",
       "      <td>0.000652</td>\n",
       "      <td>0.062146</td>\n",
       "      <td>0.143553</td>\n",
       "      <td>1.000000</td>\n",
       "      <td>-0.005050</td>\n",
       "      <td>0.003232</td>\n",
       "      <td>0.004282</td>\n",
       "      <td>0.009369</td>\n",
       "      <td>0.004077</td>\n",
       "      <td>0.062528</td>\n",
       "      <td>0.610491</td>\n",
       "      <td>0.061511</td>\n",
       "      <td>0.003067</td>\n",
       "      <td>0.021438</td>\n",
       "      <td>0.018081</td>\n",
       "      <td>-0.005573</td>\n",
       "      <td>0.504944</td>\n",
       "    </tr>\n",
       "    <tr>\n",
       "      <th>asin2</th>\n",
       "      <td>-0.000418</td>\n",
       "      <td>0.032335</td>\n",
       "      <td>0.037286</td>\n",
       "      <td>-0.005050</td>\n",
       "      <td>1.000000</td>\n",
       "      <td>-0.010355</td>\n",
       "      <td>0.003582</td>\n",
       "      <td>-0.005422</td>\n",
       "      <td>-0.002565</td>\n",
       "      <td>0.001797</td>\n",
       "      <td>-0.014102</td>\n",
       "      <td>0.104186</td>\n",
       "      <td>0.002557</td>\n",
       "      <td>-0.030558</td>\n",
       "      <td>-0.008628</td>\n",
       "      <td>0.068593</td>\n",
       "      <td>0.009776</td>\n",
       "    </tr>\n",
       "    <tr>\n",
       "      <th>adbr</th>\n",
       "      <td>0.000215</td>\n",
       "      <td>-0.007949</td>\n",
       "      <td>0.032687</td>\n",
       "      <td>0.003232</td>\n",
       "      <td>-0.010355</td>\n",
       "      <td>1.000000</td>\n",
       "      <td>-0.000507</td>\n",
       "      <td>0.002827</td>\n",
       "      <td>0.001457</td>\n",
       "      <td>0.649662</td>\n",
       "      <td>0.345374</td>\n",
       "      <td>-0.008598</td>\n",
       "      <td>0.000604</td>\n",
       "      <td>0.288427</td>\n",
       "      <td>0.007948</td>\n",
       "      <td>-0.371181</td>\n",
       "      <td>0.210247</td>\n",
       "    </tr>\n",
       "    <tr>\n",
       "      <th>adfl</th>\n",
       "      <td>0.002166</td>\n",
       "      <td>-0.000747</td>\n",
       "      <td>0.002609</td>\n",
       "      <td>0.004282</td>\n",
       "      <td>0.003582</td>\n",
       "      <td>-0.000507</td>\n",
       "      <td>1.000000</td>\n",
       "      <td>0.008640</td>\n",
       "      <td>0.009749</td>\n",
       "      <td>0.001466</td>\n",
       "      <td>0.028833</td>\n",
       "      <td>-0.000318</td>\n",
       "      <td>0.547577</td>\n",
       "      <td>0.003299</td>\n",
       "      <td>0.001680</td>\n",
       "      <td>-0.001592</td>\n",
       "      <td>-0.016793</td>\n",
       "    </tr>\n",
       "    <tr>\n",
       "      <th>bed1</th>\n",
       "      <td>0.141066</td>\n",
       "      <td>0.001236</td>\n",
       "      <td>-0.010332</td>\n",
       "      <td>0.009369</td>\n",
       "      <td>-0.005422</td>\n",
       "      <td>0.002827</td>\n",
       "      <td>0.008640</td>\n",
       "      <td>1.000000</td>\n",
       "      <td>0.740300</td>\n",
       "      <td>-0.006193</td>\n",
       "      <td>-0.003051</td>\n",
       "      <td>0.000943</td>\n",
       "      <td>0.006023</td>\n",
       "      <td>-0.023454</td>\n",
       "      <td>0.531868</td>\n",
       "      <td>0.003856</td>\n",
       "      <td>-0.002372</td>\n",
       "    </tr>\n",
       "    <tr>\n",
       "      <th>bed2</th>\n",
       "      <td>0.312252</td>\n",
       "      <td>0.000889</td>\n",
       "      <td>-0.004637</td>\n",
       "      <td>0.004077</td>\n",
       "      <td>-0.002565</td>\n",
       "      <td>0.001457</td>\n",
       "      <td>0.009749</td>\n",
       "      <td>0.740300</td>\n",
       "      <td>1.000000</td>\n",
       "      <td>-0.002804</td>\n",
       "      <td>-0.003384</td>\n",
       "      <td>0.000646</td>\n",
       "      <td>0.005477</td>\n",
       "      <td>-0.012004</td>\n",
       "      <td>0.121531</td>\n",
       "      <td>0.001722</td>\n",
       "      <td>-0.002839</td>\n",
       "    </tr>\n",
       "    <tr>\n",
       "      <th>bfo1</th>\n",
       "      <td>-0.000497</td>\n",
       "      <td>0.005415</td>\n",
       "      <td>0.504964</td>\n",
       "      <td>0.062528</td>\n",
       "      <td>0.001797</td>\n",
       "      <td>0.649662</td>\n",
       "      <td>0.001466</td>\n",
       "      <td>-0.006193</td>\n",
       "      <td>-0.002804</td>\n",
       "      <td>1.000000</td>\n",
       "      <td>0.473292</td>\n",
       "      <td>0.005485</td>\n",
       "      <td>0.000833</td>\n",
       "      <td>0.411663</td>\n",
       "      <td>-0.005978</td>\n",
       "      <td>-0.696500</td>\n",
       "      <td>0.336234</td>\n",
       "    </tr>\n",
       "    <tr>\n",
       "      <th>bfo2</th>\n",
       "      <td>-0.000733</td>\n",
       "      <td>0.021406</td>\n",
       "      <td>0.138880</td>\n",
       "      <td>0.610491</td>\n",
       "      <td>-0.014102</td>\n",
       "      <td>0.345374</td>\n",
       "      <td>0.028833</td>\n",
       "      <td>-0.003051</td>\n",
       "      <td>-0.003384</td>\n",
       "      <td>0.473292</td>\n",
       "      <td>1.000000</td>\n",
       "      <td>0.020369</td>\n",
       "      <td>0.042042</td>\n",
       "      <td>0.720152</td>\n",
       "      <td>0.009347</td>\n",
       "      <td>-0.338009</td>\n",
       "      <td>0.776136</td>\n",
       "    </tr>\n",
       "    <tr>\n",
       "      <th>bso1</th>\n",
       "      <td>0.000102</td>\n",
       "      <td>0.996343</td>\n",
       "      <td>0.032746</td>\n",
       "      <td>0.061511</td>\n",
       "      <td>0.104186</td>\n",
       "      <td>-0.008598</td>\n",
       "      <td>-0.000318</td>\n",
       "      <td>0.000943</td>\n",
       "      <td>0.000646</td>\n",
       "      <td>0.005485</td>\n",
       "      <td>0.020369</td>\n",
       "      <td>1.000000</td>\n",
       "      <td>-0.000196</td>\n",
       "      <td>-0.040726</td>\n",
       "      <td>-0.005124</td>\n",
       "      <td>0.682080</td>\n",
       "      <td>0.639265</td>\n",
       "    </tr>\n",
       "    <tr>\n",
       "      <th>bso2</th>\n",
       "      <td>0.000474</td>\n",
       "      <td>-0.000618</td>\n",
       "      <td>0.001882</td>\n",
       "      <td>0.003067</td>\n",
       "      <td>0.002557</td>\n",
       "      <td>0.000604</td>\n",
       "      <td>0.547577</td>\n",
       "      <td>0.006023</td>\n",
       "      <td>0.005477</td>\n",
       "      <td>0.000833</td>\n",
       "      <td>0.042042</td>\n",
       "      <td>-0.000196</td>\n",
       "      <td>1.000000</td>\n",
       "      <td>0.015124</td>\n",
       "      <td>0.001296</td>\n",
       "      <td>-0.001119</td>\n",
       "      <td>-0.017421</td>\n",
       "    </tr>\n",
       "    <tr>\n",
       "      <th>bso3</th>\n",
       "      <td>-0.002092</td>\n",
       "      <td>-0.038804</td>\n",
       "      <td>0.090717</td>\n",
       "      <td>0.021438</td>\n",
       "      <td>-0.030558</td>\n",
       "      <td>0.288427</td>\n",
       "      <td>0.003299</td>\n",
       "      <td>-0.023454</td>\n",
       "      <td>-0.012004</td>\n",
       "      <td>0.411663</td>\n",
       "      <td>0.720152</td>\n",
       "      <td>-0.040726</td>\n",
       "      <td>0.015124</td>\n",
       "      <td>1.000000</td>\n",
       "      <td>-0.031936</td>\n",
       "      <td>-0.319388</td>\n",
       "      <td>0.532604</td>\n",
       "    </tr>\n",
       "    <tr>\n",
       "      <th>ced1</th>\n",
       "      <td>0.000461</td>\n",
       "      <td>-0.004731</td>\n",
       "      <td>-0.018560</td>\n",
       "      <td>0.018081</td>\n",
       "      <td>-0.008628</td>\n",
       "      <td>0.007948</td>\n",
       "      <td>0.001680</td>\n",
       "      <td>0.531868</td>\n",
       "      <td>0.121531</td>\n",
       "      <td>-0.005978</td>\n",
       "      <td>0.009347</td>\n",
       "      <td>-0.005124</td>\n",
       "      <td>0.001296</td>\n",
       "      <td>-0.031936</td>\n",
       "      <td>1.000000</td>\n",
       "      <td>-0.000874</td>\n",
       "      <td>0.003715</td>\n",
       "    </tr>\n",
       "    <tr>\n",
       "      <th>cfo1</th>\n",
       "      <td>0.000270</td>\n",
       "      <td>0.679499</td>\n",
       "      <td>-0.367803</td>\n",
       "      <td>-0.005573</td>\n",
       "      <td>0.068593</td>\n",
       "      <td>-0.371181</td>\n",
       "      <td>-0.001592</td>\n",
       "      <td>0.003856</td>\n",
       "      <td>0.001722</td>\n",
       "      <td>-0.696500</td>\n",
       "      <td>-0.338009</td>\n",
       "      <td>0.682080</td>\n",
       "      <td>-0.001119</td>\n",
       "      <td>-0.319388</td>\n",
       "      <td>-0.000874</td>\n",
       "      <td>1.000000</td>\n",
       "      <td>0.179626</td>\n",
       "    </tr>\n",
       "    <tr>\n",
       "      <th>cso1</th>\n",
       "      <td>-0.000580</td>\n",
       "      <td>0.641193</td>\n",
       "      <td>0.124705</td>\n",
       "      <td>0.504944</td>\n",
       "      <td>0.009776</td>\n",
       "      <td>0.210247</td>\n",
       "      <td>-0.016793</td>\n",
       "      <td>-0.002372</td>\n",
       "      <td>-0.002839</td>\n",
       "      <td>0.336234</td>\n",
       "      <td>0.776136</td>\n",
       "      <td>0.639265</td>\n",
       "      <td>-0.017421</td>\n",
       "      <td>0.532604</td>\n",
       "      <td>0.003715</td>\n",
       "      <td>0.179626</td>\n",
       "      <td>1.000000</td>\n",
       "    </tr>\n",
       "  </tbody>\n",
       "</table>\n",
       "</div>"
      ],
      "text/plain": [
       "           aimp      amud      arnd     asin1     asin2      adbr      adfl  \\\n",
       "aimp   1.000000  0.000146 -0.000760  0.000652 -0.000418  0.000215  0.002166   \n",
       "amud   0.000146  1.000000  0.030304  0.062146  0.032335 -0.007949 -0.000747   \n",
       "arnd  -0.000760  0.030304  1.000000  0.143553  0.037286  0.032687  0.002609   \n",
       "asin1  0.000652  0.062146  0.143553  1.000000 -0.005050  0.003232  0.004282   \n",
       "asin2 -0.000418  0.032335  0.037286 -0.005050  1.000000 -0.010355  0.003582   \n",
       "adbr   0.000215 -0.007949  0.032687  0.003232 -0.010355  1.000000 -0.000507   \n",
       "adfl   0.002166 -0.000747  0.002609  0.004282  0.003582 -0.000507  1.000000   \n",
       "bed1   0.141066  0.001236 -0.010332  0.009369 -0.005422  0.002827  0.008640   \n",
       "bed2   0.312252  0.000889 -0.004637  0.004077 -0.002565  0.001457  0.009749   \n",
       "bfo1  -0.000497  0.005415  0.504964  0.062528  0.001797  0.649662  0.001466   \n",
       "bfo2  -0.000733  0.021406  0.138880  0.610491 -0.014102  0.345374  0.028833   \n",
       "bso1   0.000102  0.996343  0.032746  0.061511  0.104186 -0.008598 -0.000318   \n",
       "bso2   0.000474 -0.000618  0.001882  0.003067  0.002557  0.000604  0.547577   \n",
       "bso3  -0.002092 -0.038804  0.090717  0.021438 -0.030558  0.288427  0.003299   \n",
       "ced1   0.000461 -0.004731 -0.018560  0.018081 -0.008628  0.007948  0.001680   \n",
       "cfo1   0.000270  0.679499 -0.367803 -0.005573  0.068593 -0.371181 -0.001592   \n",
       "cso1  -0.000580  0.641193  0.124705  0.504944  0.009776  0.210247 -0.016793   \n",
       "\n",
       "           bed1      bed2      bfo1      bfo2      bso1      bso2      bso3  \\\n",
       "aimp   0.141066  0.312252 -0.000497 -0.000733  0.000102  0.000474 -0.002092   \n",
       "amud   0.001236  0.000889  0.005415  0.021406  0.996343 -0.000618 -0.038804   \n",
       "arnd  -0.010332 -0.004637  0.504964  0.138880  0.032746  0.001882  0.090717   \n",
       "asin1  0.009369  0.004077  0.062528  0.610491  0.061511  0.003067  0.021438   \n",
       "asin2 -0.005422 -0.002565  0.001797 -0.014102  0.104186  0.002557 -0.030558   \n",
       "adbr   0.002827  0.001457  0.649662  0.345374 -0.008598  0.000604  0.288427   \n",
       "adfl   0.008640  0.009749  0.001466  0.028833 -0.000318  0.547577  0.003299   \n",
       "bed1   1.000000  0.740300 -0.006193 -0.003051  0.000943  0.006023 -0.023454   \n",
       "bed2   0.740300  1.000000 -0.002804 -0.003384  0.000646  0.005477 -0.012004   \n",
       "bfo1  -0.006193 -0.002804  1.000000  0.473292  0.005485  0.000833  0.411663   \n",
       "bfo2  -0.003051 -0.003384  0.473292  1.000000  0.020369  0.042042  0.720152   \n",
       "bso1   0.000943  0.000646  0.005485  0.020369  1.000000 -0.000196 -0.040726   \n",
       "bso2   0.006023  0.005477  0.000833  0.042042 -0.000196  1.000000  0.015124   \n",
       "bso3  -0.023454 -0.012004  0.411663  0.720152 -0.040726  0.015124  1.000000   \n",
       "ced1   0.531868  0.121531 -0.005978  0.009347 -0.005124  0.001296 -0.031936   \n",
       "cfo1   0.003856  0.001722 -0.696500 -0.338009  0.682080 -0.001119 -0.319388   \n",
       "cso1  -0.002372 -0.002839  0.336234  0.776136  0.639265 -0.017421  0.532604   \n",
       "\n",
       "           ced1      cfo1      cso1  \n",
       "aimp   0.000461  0.000270 -0.000580  \n",
       "amud  -0.004731  0.679499  0.641193  \n",
       "arnd  -0.018560 -0.367803  0.124705  \n",
       "asin1  0.018081 -0.005573  0.504944  \n",
       "asin2 -0.008628  0.068593  0.009776  \n",
       "adbr   0.007948 -0.371181  0.210247  \n",
       "adfl   0.001680 -0.001592 -0.016793  \n",
       "bed1   0.531868  0.003856 -0.002372  \n",
       "bed2   0.121531  0.001722 -0.002839  \n",
       "bfo1  -0.005978 -0.696500  0.336234  \n",
       "bfo2   0.009347 -0.338009  0.776136  \n",
       "bso1  -0.005124  0.682080  0.639265  \n",
       "bso2   0.001296 -0.001119 -0.017421  \n",
       "bso3  -0.031936 -0.319388  0.532604  \n",
       "ced1   1.000000 -0.000874  0.003715  \n",
       "cfo1  -0.000874  1.000000  0.179626  \n",
       "cso1   0.003715  0.179626  1.000000  "
      ]
     },
     "execution_count": 7,
     "metadata": {},
     "output_type": "execute_result"
    }
   ],
   "source": [
    "train_data[:1000000].corr()"
   ]
  },
  {
   "cell_type": "code",
   "execution_count": 9,
   "id": "d59fa1ac",
   "metadata": {},
   "outputs": [
    {
     "data": {
